# The maximum stage length is (32 * 12)
# The maximum y is 18
# Coordinates start from top left, e.g
#
# 0  1  2  3
#  +--------->  x
# 1|
# 2|
# 3|
#  v
#  y

# TODO: add ability to specify tiles
# format
# x  y   w  h

# 0  17 384  1

0 17 1 2
4 17 1 2
8 17 1 2
12 17 1 2
16 17 1 2
20 17 1 2
24 17 1 2
28 17 1 2
32 17 1 2
36 17 1 2
40 17 1 2
44 17 1 2
48 17 1 2
52 17 1 2
56 17 1 2
60 17 1 2
64 17 1 2
68 17 1 2
72 17 1 2
76 17 1 2
80 17 1 2
84 17 1 2
88 17 1 2
92 17 1 2
96 17 1 2
100 17 1 2
104 17 1 2
108 17 1 2
112 17 1 2
116 17 1 2
120 17 1 2
124 17 1 2
128 17 1 2
132 17 1 2
136 17 1 2
140 17 1 2
144 17 1 2
148 17 1 2
152 17 1 2
156 17 1 2
160 17 1 2
164 17 1 2
168 17 1 2
172 17 1 2
176 17 1 2
180 17 1 2
184 17 1 2
188 17 1 2
192 17 1 2
196 17 1 2
200 17 1 2
204 17 1 2
208 17 1 2
212 17 1 2
216 17 1 2
220 17 1 2
224 17 1 2
228 17 1 2
232 17 1 2
236 17 1 2
240 17 1 2
244 17 1 2
248 17 1 2
252 17 1 2
256 17 1 2
260 17 1 2
264 17 1 2
268 17 1 2
272 17 1 2
276 17 1 2
280 17 1 2
284 17 1 2
288 17 1 2
292 17 1 2
296 17 1 2
300 17 1 2
304 17 1 2
308 17 1 2
312 17 1 2
316 17 1 2
320 17 1 2
324 17 1 2
328 17 1 2
332 17 1 2
336 17 1 2
340 17 1 2
344 17 1 2
348 17 1 2
352 17 1 2
356 17 1 2
360 17 1 2
364 17 1 2
368 17 1 2
372 17 1 2
376 17 1 2
380 17 1 2
